512	HW80Q3448QA01	10	3
512	HW80Q3448QA02	10	3
512	HW87M93L47A01	10	3
512	HWD393R448A01	5	3
513	HW12K34H22A01	10	2
513	HW12K34H22A02	10	2
513	HW142931CWA01	5	3
513	HW1864S98RA01	7	2
513	HW21N7E850A01	10	2
513	HW258966ZUA01	60	3
513	HW258966ZUA02	60	3
513	HW2R2183Q0A01	5	3
513	HW2R2183Q0A01	15	2
513	HW2R2183Q0A02	5	3
513	HW2R2183Q0A02	15	2
513	HW4S3967K6A01	2	3
513	HW4Z61137CA01	10	3
513	HW4Z61137CA02	10	3
513	HW51474N8BA01	10	3
513	HW51474N8BA02	10	3
513	HW7AF07130A01	3	2
513	HW7O031A17A01	8	3
513	HW80Q3448QA01	10	3
513	HW80Q3448QA02	10	3
513	HW87M93L47A01	22	3
513	HW87M93L47A01	28	2
513	HW898814ZZA01	5	3
513	HW898814ZZA01	10	2
513	HW898814ZZA02	5	3
513	HW898814ZZA02	10	2
513	HW8JX57504A01	6	3
513	HW97137PR5A01	3	3
513	HW99F903J2A01	9	2
513	HWBH231638A01	10	2
513	HWD393R448A01	4	2
513	HWFB267567A01	5	2
513	HWFB267567A01	5	3
513	HWLH760311A01	11	2
565	HW325128ZQA01	2	2
565	HW325128ZQA01	5	3
565	HW737NI844A01	3	2
565	HW737NI844A01	14	3
565	HW742FP491A01	3	2
565	HW742FP491A01	14	3
565	HW742FP491A02	3	2
565	HW742FP491A02	14	3
565	HW7Y236Y17A01	3	2
565	HW7Y236Y17A01	14	3
565	HW89A562U5A01	3	2
565	HW89A562U5A01	14	3
565	HW89A562U5A02	3	2
565	HW89A562U5A02	14	3
565	HWB117556LA01	3	2
565	HWB117556LA01	14	3
565	HWB117556LA02	3	2
565	HWB117556LA02	14	3
565	HWZ8X46412A01	5	2
565	HWZ8X46412A01	5	3
565	HWZ8X46412A02	5	2
565	HWZ8X46412A02	5	3
568	HW4S3967K6A01	5	3
639	HW097453MJA01	80	2
639	HW097453MJA02	160	2
639	HW469J116MA01	10	3
639	HW585V607KA01	32	2
639	HW737NI844A01	3	2
639	HW737NI844A01	14	3
639	HW7Y236Y17A01	3	2
639	HW7Y236Y17A01	14	3
639	HW8297WB87A01	2	2
639	HW85E8N659A01	50	2
639	HW85E8N659A01	100	3
639	HW8X939R41A01	140	3
639	HW90D93Q82A01	10	3
639	HW929O38V1A01	10	2
639	HW92Z1818MA01	80	3
639	HW9737OJ00A01	70	2
639	HW9737OJ00A01	205	3
639	HW9737OJ00A02	140	2
639	HW9737OJ00A02	410	3
639	HW9H49T776A01	100	2
639	HW9H49T776A01	230	3
639	HWS8Z40094A01	5	3
639	HWU9I44794A01	235	2
639	HWU9I44794A02	235	2
639	HWWZ461614A01	75	3
640	HW097453MJA01	125	3
640	HW097453MJA02	250	3
640	HW317H2D27A01	25	3
640	HW317H2D27A02	25	3
640	HW585V607KA01	8	3
640	HW8X939R41A01	320	3
640	HW929O38V1A01	8	3
640	HW92Z1818MA01	320	3
640	HW9737OJ00A01	50	3
640	HW9737OJ00A02	100	3
640	HW9H49T776A01	50	3
640	HWS8Z40094A01	8	3
640	HWU9I44794A01	50	3
640	HWU9I44794A02	50	3
641	HW8X939R41A01	320	3
641	HW92Z1818MA01	320	3
641	HW9737OJ00A01	30	3
641	HW9737OJ00A02	60	3
641	HW9H49T776A01	40	3
641	HWS8Z40094A01	12	2
641	HWU9I44794A01	50	3
641	HWU9I44794A02	50	3
642	HW1227M2D5A01	3	3
642	HW1234T39MA01	4	3
642	HW136A9G88A01	9	3
642	HW136A9G88A01	20	2
642	HW25D920D9A01	8	3
642	HW541YK730A01	20	2
642	HW585V607KA01	12	2
642	HW601C31L0A01	20	2
642	HW601C31L0A01	30	3
642	HW8297WB87A01	8	3
642	HW90D93Q82A01	10	3
642	HW929O38V1A01	12	2
642	HW938N0R83A01	60	3
642	HW97WN3082A01	50	3
642	HWQ5159A51A01	19	3
642	HWS8Z40094A01	15	2
672	HW54W4865VA01	12	2
672	HWBH231638A01	10	2